0
	0 1 3 4 8 9
1
	2 3 7 8 13 14
2
	4 5 9 10 15 16
3
	6 7 12 13 18 19
4
	8 9 14 15 20 21
5
	10 11 16 17 22 23
6
	13 14 19 20 25 26
7
	15 16 21 22 27 28
8
	18 19 24 25 30 31
9
	20 21 26 27 32 33
10
	22 23 28 29 34 35
11
	25 26 31 32 37 38
12
	27 28 33 34 39 40
13
	30 31 36 37 42 43
14
	32 33 38 39 44 45
15
	34 35 40 41 46 47
16
	37 38 43 44 48 49
17
	39 40 45 46 50 51
18
	44 45 49 50 52 53
break
0
	1 2
	0 1
1
	0 3 6
	0 3
2
	0 4 7
	1 4
3
	1 5 6
	2 3
4
	2 7 8
	4 5
5
	3 9 13
	2 7
6
	1 3 10 14
	3 8
7
	2 4 10 15
	4 9
8
	4 11 16
	5 10
9
	5 12 13
	6 7
10
	6 7 14 15
	8 9
11
	8 16 17
	10 11
12
	9 20
	6 12
13
	5 9 18 21
	7 13
14
	6 10 18 22 
	8 14
15
	7 10 19 23
	9 15
16
	8 11 19 24
	10 16
17
	11 25
	11 17
18
	13 14 21 22
	13 14
19
	15 16 23 24
	15 16
20
	12 26 29
	12 18
21
	13 18 26 30
	13 19
22
	14 18 27 31
	14 20
23
	15 19 27 32
	15 21
24
	16 19 28 33
	16 22
25
	17 28 34
	17 23
26
	20 21 29 30
	18 19
27
	22 23 31 32
	20 21
28
	24 25 33 34
	22 23
29
	20 26 37
	18 24
30
	21 26 35 38
	19 25
31
	22 27 35 39
	20 26
32
	23 27 36 40
	21 27
33
	24 28 36 41
	22 28
34
	25 28 42
	23 29
35
	30 31 38 39
	25 26
36
	32 33 40 41
	27 28
37
	29 43 46
	24 30
38
	30 35 43 47
	25 31
39
	31 35 44 48 
	26 32
40
	32 36 44 49
	27 33
41
	33 36 45 50
	28 34
42
	34 45 51
	29 35
43
	37 38 46 47
	30 31
44
	39 40 48 49
	32 33
45
	41 42 50 51
	34 35
46
	37 43 54
	30 36
47
	38 43 52 55
	31 37
48
	39 44 52 56
	32 38
49
	40 44 53 57
	33 39
50
	41 45 53 58
	34 40
51
	42 45 59
	35 41
52
	47 48 55 56
	37 38
53
	49 50 57 58
	39 40
54
	46 60
	36 42
55
	47 52 60 63
	37 43
56
	48 52 61 64
	38 44
57
	49 53 61 65
	39 45
58
	50 53 62 66
	40 46
59
	51 62
	41 47
60
	54 55 63
	42 43
61
	56 57 64 65
	44 45
62
	58 59 66
	46 47
63
	55 60 67
	43 48
64
	56 61 67 69
	44 49
65
	57 61 68 70
	45 50
66
	58 62 68
	46 51
67
	63 64 69
	48 49
68
	65 66 70
	50 51
69
	64 67 71
	49 52
70
	65 68 71
	50 53
71
	69 70
	52 53
break
0
	0 1
	1 3
1
	0 2
	0 4
2
	3 5
	3 7
3
	1 3 6
	0 2 8
4
	2 4 7
	1 5 9
5
	4 8
	4 10
6
	9 12
	7 12
7
	5 9 13
	2 6 13
8
	6 10 14
	3 9 14
9
	7 10 15
	4 8 15
10
	8 11 16
	5 11 16
11
	11 17
	10 17
12
	12 20
	6 18
13
	13 18 21
	7 14 19
14
	14 18 22
	8 13 20
15
	15 19 23
	9 16 21
16
	16 19 24
	10 15 22
17
	17 25
	11 23
18
	20 26 29
	12 19 24
19
	21 26 30
	13 18 25
20
	22 27 31
	14 21 26
21
	23 27 32
	15 20 27
22
	24 28 33
	16 23 28
23
	25 28 34
	17 22 29
24
	29 37
	18 30
25
	30 35 38
	19 26 31
26
	31 35 39
	20 25 32
27
	32 36 40
	21 28 33
28
	33 36 41
	22 27 34
29
	34 42
	23 35
30
	37 43 46
	24 31 36
31
	38 43 47
	25 30 37
32
	39 44 48
	26 33 38
33
	40 44 49
	27 32 39
34
	41 45 50
	28 35 40
35
	42 45 51
	29 34 41
36
	46 54
	30 42
37
	47 52 55
	31 38 43
38
	48 52 56
	32 37 44
39
	49 53 57
	33 40 45
40
	50 53 58
	34 39 46
41
	51 59
	35 47
42
	54 60
	36 43
43
	55 60 63
	37 42 48
44
	56 61 64
	38 45 49
45
	57 61 65
	39 44 50
46
	58 62 66
	40 47 51
47
	59 62
	41 46
48
	63 67
	43 49
49
	64 67 69
	44 48 52
50
	65 68 70
	45 51 53
51
	66 68
	46 50
52
	69 71
	49 53
53
	70 71
	50 52
break
0 1 2 5 6 11 12 17 24 29 36 41 42 47 48 51 52 53
